camera_intrinsic:
  fx: 2305.660253962050
  fy: 2303.950911497790
  ccxLeft: 1281.944364189583
  ccyLeft: 1028.352241411627
  skew: 0 #1.313704257464708

distortion_coefficient:
  radial:
    k1: 0.0626067211793766
    k2: 0.341505688981238
  tangential:
    p1: 0.00311644037907021
    p2: -0.00554890468657758 

desired_size:
  width: 640
  height: 505